0769499999
0769500000
0769500001
0769500002
0769500003
0769500004
0769500005
0769500006
0769500007
0769500008
0769500009
0769500010
0769500011
0769500012
0769500013
0769500014
0769500015
0769500016
0769500017
0769500018
0769500019
0769500020
0769500021
0769500022
0769500023
0769500024
0769500025
0769500026
0769500027
0769500028
0769500029
0769500030
0769500031
0769500032
0769500033
0769500034
0769500035
0769500036
0769500037
0769500038
0769500039
0769500040
0769500041
0769500042
0769500043
0769500044
0769500045
0769500046
0769500047
0769500048
0769500049
0769500050
0769500051
0769500052
0769500053
0769500054
0769500055
0769500056
0769500057
0769500058
0769500059
0769500060
0769500061
0769500062
0769500063
0769500064
0769500065
0769500066
0769500067
0769500068
0769500069
0769500070
0769500071
0769500072
0769500073
0769500074
0769500075
0769500076
0769500077
0769500078
0769500079
0769500080
0769500081
0769500082
0769500083
0769500084
0769500085
0769500086
0769500087
0769500088
0769500089
0769500090
0769500091
0769500092
0769500093
0769500094
0769500095
0769500096
0769500097
0769500098
0769500099
0769500100
0769500101
0769500102
0769500103
0769500104
0769500105
0769500106
0769500107
0769500108
0769500109
0769500110
0769500111
0769500112
0769500113
0769500114
0769500115
0769500116
0769500117
0769500118
0769500119
0769500120
0769500121
0769500122
0769500123
0769500124
0769500125
0769500126
0769500127
0769500128
0769500129
0769500130
0769500131
0769500132
0769500133
0769500134
0769500135
0769500136
0769500137
0769500138
0769500139
0769500140
0769500141
0769500142
0769500143
0769500144
0769500145
0769500146
0769500147
0769500148
0769500149
0769500150
0769500151
0769500152
0769500153
0769500154
0769500155
0769500156
0769500157
0769500158
0769500159
0769500160
0769500161
0769500162
0769500163
0769500164
0769500165
0769500166
0769500167
0769500168
0769500169
0769500170
0769500171
0769500172
0769500173
0769500174
0769500175
0769500176
0769500177
0769500178
0769500179
0769500180
0769500181
0769500182
0769500183
0769500184
0769500185
0769500186
0769500187
0769500188
0769500189
0769500190
0769500191
0769500192
0769500193
0769500194
0769500195
0769500196
0769500197
0769500198
0769500199
0769500200
0769500201
0769500202
0769500203
0769500204
0769500205
0769500206
0769500207
0769500208
0769500209
0769500210
0769500211
0769500212
0769500213
0769500214
0769500215
0769500216
0769500217
0769500218
0769500219
0769500220
0769500221
0769500222
0769500223
0769500224
0769500225
0769500226
0769500227
0769500228
0769500229
0769500230
0769500231
0769500232
0769500233
0769500234
0769500235
0769500236
0769500237
0769500238
0769500239
0769500240
0769500241
0769500242
0769500243
0769500244
0769500245
0769500246
0769500247
0769500248
0769500249
0769500250
0769500251
0769500252
0769500253
0769500254
0769500255
0769500256
0769500257
0769500258
0769500259
0769500260
0769500261
0769500262
0769500263
0769500264
0769500265
0769500266
0769500267
0769500268
0769500269
0769500270
0769500271
0769500272
0769500273
0769500274
0769500275
0769500276
0769500277
0769500278
0769500279
0769500280
0769500281
0769500282
0769500283
0769500284
0769500285
0769500286
0769500287
0769500288
0769500289
0769500290
0769500291
0769500292
0769500293
0769500294
0769500295
0769500296
0769500297
0769500298
0769500299
0769500300
0769500301
0769500302
0769500303
0769500304
0769500305
0769500306
0769500307
0769500308
0769500309
0769500310
0769500311
0769500312
0769500313
0769500314
0769500315
0769500316
0769500317
0769500318
0769500319
0769500320
0769500321
0769500322
0769500323
0769500324
0769500325
0769500326
0769500327
0769500328
0769500329
0769500330
0769500331
0769500332
0769500333
0769500334
0769500335
0769500336
0769500337
0769500338
0769500339
0769500340
0769500341
0769500342
0769500343
0769500344
0769500345
0769500346
0769500347
0769500348
0769500349
0769500350
0769500351
0769500352
0769500353
0769500354
0769500355
0769500356
0769500357
0769500358
0769500359
0769500360
0769500361
0769500362
0769500363
0769500364
0769500365
0769500366
0769500367
0769500368
0769500369
0769500370
0769500371
0769500372
0769500373
0769500374
0769500375
0769500376
0769500377
0769500378
0769500379
0769500380
0769500381
0769500382
0769500383
0769500384
0769500385
0769500386
0769500387
0769500388
0769500389
0769500390
0769500391
0769500392
0769500393
0769500394
0769500395
0769500396
0769500397
0769500398
0769500399
0769500400
0769500401
0769500402
0769500403
0769500404
0769500405
0769500406
0769500407
0769500408
0769500409
0769500410
0769500411
0769500412
0769500413
0769500414
0769500415
0769500416
0769500417
0769500418
0769500419
0769500420
0769500421
0769500422
0769500423
0769500424
0769500425
0769500426
0769500427
0769500428
0769500429
0769500430
0769500431
0769500432
0769500433
0769500434
0769500435
0769500436
0769500437
0769500438
0769500439
0769500440
0769500441
0769500442
0769500443
0769500444
0769500445
0769500446
0769500447
0769500448
0769500449
0769500450
0769500451
0769500452
0769500453
0769500454
0769500455
0769500456
0769500457
0769500458
0769500459
0769500460
0769500461
0769500462
0769500463
0769500464
0769500465
0769500466
0769500467
0769500468
0769500469
0769500470
0769500471
0769500472
0769500473
0769500474
0769500475
0769500476
0769500477
0769500478
0769500479
0769500480
0769500481
0769500482
0769500483
0769500484
0769500485
0769500486
0769500487
0769500488
0769500489
0769500490
0769500491
0769500492
0769500493
0769500494
0769500495
0769500496
0769500497
0769500498
0769500499
0769500500
0769500501
0769500502
0769500503
0769500504
0769500505
0769500506
0769500507
0769500508
0769500509
0769500510
0769500511
0769500512
0769500513
0769500514
0769500515
0769500516
0769500517
0769500518
0769500519
0769500520
0769500521
0769500522
0769500523
0769500524
0769500525
0769500526
0769500527
0769500528
0769500529
0769500530
0769500531
0769500532
0769500533
0769500534
0769500535
0769500536
0769500537
0769500538
0769500539
0769500540
0769500541
0769500542
0769500543
0769500544
0769500545
0769500546
0769500547
0769500548
0769500549
0769500550
0769500551
0769500552
0769500553
0769500554
0769500555
0769500556
0769500557
0769500558
0769500559
0769500560
0769500561
0769500562
0769500563
0769500564
0769500565
0769500566
0769500567
0769500568
0769500569
0769500570
0769500571
0769500572
0769500573
0769500574
0769500575
0769500576
0769500577
0769500578
0769500579
0769500580
0769500581
0769500582
0769500583
0769500584
0769500585
0769500586
0769500587
0769500588
0769500589
0769500590
0769500591
0769500592
0769500593
0769500594
0769500595
0769500596
0769500597
0769500598
0769500599
0769500600
0769500601
0769500602
0769500603
0769500604
0769500605
0769500606
0769500607
0769500608
0769500609
0769500610
0769500611
0769500612
0769500613
0769500614
0769500615
0769500616
0769500617
0769500618
0769500619
0769500620
0769500621
0769500622
0769500623
0769500624
0769500625
0769500626
0769500627
0769500628
0769500629
0769500630
0769500631
0769500632
0769500633
0769500634
0769500635
0769500636
0769500637
0769500638
0769500639
0769500640
0769500641
0769500642
0769500643
0769500644
0769500645
0769500646
0769500647
0769500648
0769500649
0769500650
0769500651
0769500652
0769500653
0769500654
0769500655
0769500656
0769500657
0769500658
0769500659
0769500660
0769500661
0769500662
0769500663
0769500664
0769500665
0769500666
0769500667
0769500668
0769500669
0769500670
0769500671
0769500672
0769500673
0769500674
0769500675
0769500676
0769500677
0769500678
0769500679
0769500680
0769500681
0769500682
0769500683
0769500684
0769500685
0769500686
0769500687
0769500688
0769500689
0769500690
0769500691
0769500692
0769500693
0769500694
0769500695
0769500696
0769500697
0769500698
0769500699
0769500700
0769500701
0769500702
0769500703
0769500704
0769500705
0769500706
0769500707
0769500708
0769500709
0769500710
0769500711
0769500712
0769500713
0769500714
0769500715
0769500716
0769500717
0769500718
0769500719
0769500720
0769500721
0769500722
0769500723
0769500724
0769500725
0769500726
0769500727
0769500728
0769500729
0769500730
0769500731
0769500732
0769500733
0769500734
0769500735
0769500736
0769500737
0769500738
0769500739
0769500740
0769500741
0769500742
0769500743
0769500744
0769500745
0769500746
0769500747
0769500748
0769500749
0769500750
0769500751
0769500752
0769500753
0769500754
0769500755
0769500756
0769500757
0769500758
0769500759
0769500760
0769500761
0769500762
0769500763
0769500764
0769500765
0769500766
0769500767
0769500768
0769500769
0769500770
0769500771
0769500772
0769500773
0769500774
0769500775
0769500776
0769500777
0769500778
0769500779
0769500780
0769500781
0769500782
0769500783
0769500784
0769500785
0769500786
0769500787
0769500788
0769500789
0769500790
0769500791
0769500792
0769500793
0769500794
0769500795
0769500796
0769500797
0769500798
0769500799
0769500800
0769500801
0769500802
0769500803
0769500804
0769500805
0769500806
0769500807
0769500808
0769500809
0769500810
0769500811
0769500812
0769500813
0769500814
0769500815
0769500816
0769500817
0769500818
0769500819
0769500820
0769500821
0769500822
0769500823
0769500824
0769500825
0769500826
0769500827
0769500828
0769500829
0769500830
0769500831
0769500832
0769500833
0769500834
0769500835
0769500836
0769500837
0769500838
0769500839
0769500840
0769500841
0769500842
0769500843
0769500844
0769500845
0769500846
0769500847
0769500848
0769500849
0769500850
0769500851
0769500852
0769500853
0769500854
0769500855
0769500856
0769500857
0769500858
0769500859
0769500860
0769500861
0769500862
0769500863
0769500864
0769500865
0769500866
0769500867
0769500868
0769500869
0769500870
0769500871
0769500872
0769500873
0769500874
0769500875
0769500876
0769500877
0769500878
0769500879
0769500880
0769500881
0769500882
0769500883
0769500884
0769500885
0769500886
0769500887
0769500888
0769500889
0769500890
0769500891
0769500892
0769500893
0769500894
0769500895
0769500896
0769500897
0769500898
0769500899
0769500900
0769500901
0769500902
0769500903
0769500904
0769500905
0769500906
0769500907
0769500908
0769500909
0769500910
0769500911
0769500912
0769500913
0769500914
0769500915
0769500916
0769500917
0769500918
0769500919
0769500920
0769500921
0769500922
0769500923
0769500924
0769500925
0769500926
0769500927
0769500928
0769500929
0769500930
0769500931
0769500932
0769500933
0769500934
0769500935
0769500936
0769500937
0769500938
0769500939
0769500940
0769500941
0769500942
0769500943
0769500944
0769500945
0769500946
0769500947
0769500948
0769500949
0769500950
0769500951
0769500952
0769500953
0769500954
0769500955
0769500956
0769500957
0769500958
0769500959
0769500960
0769500961
0769500962
0769500963
0769500964
0769500965
0769500966
0769500967
0769500968
0769500969
0769500970
0769500971
0769500972
0769500973
0769500974
0769500975
0769500976
0769500977
0769500978
0769500979
0769500980
0769500981
0769500982
0769500983
0769500984
0769500985
0769500986
0769500987
0769500988
0769500989
0769500990
0769500991
0769500992
0769500993
0769500994
0769500995
0769500996
0769500997
0769500998
